grade
0.7111
8.7456
7.5397
9.3138
1.668
3.0455
0.395
3.229
8.0324
6.3432
4.5958
2.9492
9.5117
8.6325
7.9408
3.9338
0.8104
8.3667
6.6576
2.9416
5.8906
5.9937
8.0401
5.9561
8.3294
7.1982
2.9986
9.9869
8.2315
7.7945
4.9045
9.4183
4.7971
9.3743
0.722
1.652
7.3519
3.1896
5.0745
8.0145
9.891
2.2703
7.6266
3.8923
6.8882
4.745
5.989
7.9418
5.6516
2.8732
6.5991
8.458
7.2087
1.9818
8.0274
9.0732
8.7197
7.871
7.4591
3.8763
8.8566
4.5061
6.0973
4.8124
6.6214
6.3294
1.0833
5.1642
2.1162
7.311
6.2326
4.746
6.1473
4.8742
9.9845
8.7995
7.2422
0.9566
5.1113
9.3329
5.5158
7.3684
3.5273
4.6107
8.3625
9.5075
5.96

--------------------------------------------------------------------------------

{"context":{"version":3,"page_title":null,"page_url":null,"entities":[],"literals":[],"content_hierarchy":[]},"links":[[[]],[[]],[[]],[[]],[[]],[[]],[[]],[[]],[[]],[[]],[[]],[[]],[[]],[[]],[[]],[[]],[[]],[[]],[[]],[[]],[[]],[[]],[[]],[[]],[[]],[[]],[[]],[[]],[[]],[[]],[[]],[[]],[[]],[[]],[[]],[[]],[[]],[[]],[[]],[[]],[[]],[[]],[[]],[[]],[[]],[[]],[[]],[[]],[[]],[[]],[[]],[[]],[[]],[[]],[[]],[[]],[[]],[[]],[[]],[[]],[[]],[[]],[[]],[[]],[[]],[[]],[[]],[[]],[[]],[[]],[[]],[[]],[[]],[[]],[[]],[[]],[[]],[[]],[[]],[[]],[[]],[[]],[[]],[[]],[[]],[[]],[[]]]}