Lat
-34.6037
40.7128
48.8566
35.6895
51.5074
1.3521
-33.8688
19.4326
55.7558
37.7749
39.9042
45.4215
41.9028
35.6828
52.5200
28.6139
40.4168
25.2048
-23.5505
-22.9068
-34.9285
33.8688
6.5244
31.2304
-1.2921
35.9078
-26.2041
-33.9249
34.0522
53.3498
41.3275
21.1619
50.1109
37.9838
-25.2744
35.1919
59.3293
48.2082
50.8503
34.6951
64.1355
43.6511
50.4547
12.9716
41.7151
31.7683
18.4131
-16.5004
-20.1609
31.6258
-9.6223
1.4461
43.7384
24.7136
52.2297
-29.8587
46.2044
25.7617
39.9526
19.0760
41.3851
19.4326
-22.9068
-26.1952
30.0444
13.7367
7.9465
35.6895
51.1694
27.7172
40.4093
-4.0383
55.9533
47.2184
-3.3762
39.9334
33.7393
24.4539
50.9375
23.8103
12.5242
54.6872
40.6401
-13.4443
48.1486
18.0735
4.6761
45.8150
45.5017
55.6761
52.3676
59.9391
40.1811
60.1695
31.9632
-23.6980
51.1657
33.8938
35.9046
19.4326
22.3964
35.6528
60.2939

--------------------------------------------------------------------------------

{"context":{"version":3,"page_title":null,"page_url":null,"entities":[],"literals":[],"content_hierarchy":[]},"links":[[[]],[[]],[[]],[[]],[[]],[[]],[[]],[[]],[[]],[[]],[[]],[[]],[[]],[[]],[[]],[[]],[[]],[[]],[[]],[[]],[[]],[[]],[[]],[[]],[[]],[[]],[[]],[[]],[[]],[[]],[[]],[[]],[[]],[[]],[[]],[[]],[[]],[[]],[[]],[[]],[[]],[[]],[[]],[[]],[[]],[[]],[[]],[[]],[[]],[[]],[[]],[[]],[[]],[[]],[[]],[[]],[[]],[[]],[[]],[[]],[[]],[[]],[[]],[[]],[[]],[[]],[[]],[[]],[[]],[[]],[[]],[[]],[[]],[[]],[[]],[[]],[[]],[[]],[[]],[[]],[[]],[[]],[[]],[[]],[[]],[[]],[[]],[[]],[[]],[[]],[[]],[[]],[[]],[[]],[[]],[[]],[[]],[[]],[[]],[[]],[[]],[[]],[[]]]}