Mt Ore
17.87
17.87
17.87
17.87
17.87
23.4
23.4
23.4
23.4
23.4
59.87
59.87
59.87
59.87
59.87
59.87
59.87
59.87
23.4
23.4
23.4
23.4
23.4
23.4
23.4
23.4
23.4
23.4
23.4
23.4
23.4
23.4
23.4
23.4
23.4
23.4
2.59
2.59
2.59
2.59
2.59
2.59
2.59
2.59
2.59
2.59
2.59
2.59
2.59
2.59
2.59
2.59
59.87
59.87
59.87
59.87
59.87
6.98
6.98
6.98
6.98
6.98
6.98
6.98
6.98
6.98
6.98
12.7
12.7
12.7
12.7
12.7
12.7
12.7
12.7
20.1
20.1
20.1
20.1
20.1
20.1
20.1
6.8
6.8
6.8
6.8
6.8
6.8
6.8
6.8
6.8
6.8
6.8
6.8
6.8
6.8
6.8
6.8
6.8
6.8

--------------------------------------------------------------------------------

{"context":{"version":3,"page_title":null,"page_url":null,"entities":[],"literals":[],"content_hierarchy":[]},"links":[[[]],[[]],[[]],[[]],[[]],[[]],[[]],[[]],[[]],[[]],[[]],[[]],[[]],[[]],[[]],[[]],[[]],[[]],[[]],[[]],[[]],[[]],[[]],[[]],[[]],[[]],[[]],[[]],[[]],[[]],[[]],[[]],[[]],[[]],[[]],[[]],[[]],[[]],[[]],[[]],[[]],[[]],[[]],[[]],[[]],[[]],[[]],[[]],[[]],[[]],[[]],[[]],[[]],[[]],[[]],[[]],[[]],[[]],[[]],[[]],[[]],[[]],[[]],[[]],[[]],[[]],[[]],[[]],[[]],[[]],[[]],[[]],[[]],[[]],[[]],[[]],[[]],[[]],[[]],[[]],[[]],[[]],[[]],[[]],[[]],[[]],[[]],[[]],[[]],[[]],[[]],[[]],[[]],[[]],[[]],[[]],[[]],[[]],[[]],[[]]]}