Mt
29.6
0.76
0.1
86.5
13.8407
68.8
30.419999999999998
200.0
5.4399999999999995
2.6
6.53
207.3
28.4
2.71
30.0
41.21951219512195
207.3
53.6
3.0
98.4
25.081603
13.11
38.6
21.34146341463415
109.6
55.3
1.053
0.738883
1525.0
14.51
1906.63
44.9
7.0009999999999994
8.29
0.559855
613.4
0.36288000000000004
5.643
40.8
1.05
26.8
750.9
101.3
96.5
4.9
91.7
29.825994
313.9
14.2
21.0
13.8
38.6
21.8
81.8
61.099999999999994
5.867
9.61632
19.47397
3.8
1.41
132.9
8.4
2.25
37.6
0.18
330.0
169.01
10.1
1.527
41.21951219512195
52.306
77.42
0.1
200.0
38.7
106.86
1.525439
54.169
4.382
1.1209114
69.9
18.78048780487805
5.6
52.887
0.390235
5.043
8.3
0.07
81.8
30.2
93.3
22.165
5.3
0.76
8.966
22.323
49.6
3019.0
2.8
6.3

--------------------------------------------------------------------------------

{"context":{"version":3,"page_title":null,"page_url":null,"entities":[],"literals":[],"content_hierarchy":[]},"links":[[[]],[[]],[[]],[[]],[[]],[[]],[[]],[[]],[[]],[[]],[[]],[[]],[[]],[[]],[[]],[[]],[[]],[[]],[[]],[[]],[[]],[[]],[[]],[[]],[[]],[[]],[[]],[[]],[[]],[[]],[[]],[[]],[[]],[[]],[[]],[[]],[[]],[[]],[[]],[[]],[[]],[[]],[[]],[[]],[[]],[[]],[[]],[[]],[[]],[[]],[[]],[[]],[[]],[[]],[[]],[[]],[[]],[[]],[[]],[[]],[[]],[[]],[[]],[[]],[[]],[[]],[[]],[[]],[[]],[[]],[[]],[[]],[[]],[[]],[[]],[[]],[[]],[[]],[[]],[[]],[[]],[[]],[[]],[[]],[[]],[[]],[[]],[[]],[[]],[[]],[[]],[[]],[[]],[[]],[[]],[[]],[[]],[[]],[[]],[[]]]}