Mt ore
0.068
1.15
0.580544
0.02
14.1
0.425
0.0695
4.1
133.0
0.124
1.0
1.59
0.317485
0.083906
2.7
4.458
6.79
9.9
0.090719
0.917
0.068
0.5776
0.923475
4.607
2.9
16.0
10.0
0.05
1.869
8.2
1.5
1.0
9.5
0.317485
5.8
32.2
80.8
0.00263
1.93
2.76
1.5
4.0
8.11
88.0
1.15
0.895512
0.6
1.3
0.923475
6.5
21.4
115.0
0.7
1.58223
14.93
2.444
2.444
0.03
93.07
1.8
0.1745
63.97
130.0
29.938
0.45
26.01
2.494758
14.0
22.43
27.0
12.831
1.354
20.0
0.072431
85.107369
13.155
1.59
85.107369
961.0
0.06
32.2
2.3
2.3
2.976637
36.0
21.8
96.7
34.0
0.1
0.067
0.090719
427.8
427.8
6.142
16.0
1.490365
3.5
1.3
19.93
2.771

--------------------------------------------------------------------------------

{"context":{"version":3,"page_title":null,"page_url":null,"entities":[],"literals":[],"content_hierarchy":[]},"links":[[[]],[[]],[[]],[[]],[[]],[[]],[[]],[[]],[[]],[[]],[[]],[[]],[[]],[[]],[[]],[[]],[[]],[[]],[[]],[[]],[[]],[[]],[[]],[[]],[[]],[[]],[[]],[[]],[[]],[[]],[[]],[[]],[[]],[[]],[[]],[[]],[[]],[[]],[[]],[[]],[[]],[[]],[[]],[[]],[[]],[[]],[[]],[[]],[[]],[[]],[[]],[[]],[[]],[[]],[[]],[[]],[[]],[[]],[[]],[[]],[[]],[[]],[[]],[[]],[[]],[[]],[[]],[[]],[[]],[[]],[[]],[[]],[[]],[[]],[[]],[[]],[[]],[[]],[[]],[[]],[[]],[[]],[[]],[[]],[[]],[[]],[[]],[[]],[[]],[[]],[[]],[[]],[[]],[[]],[[]],[[]],[[]],[[]],[[]],[[]]]}