g1_attr_values
0.03875095733041575
1.29
1.03
0.07
2.317597239333663
0.4349122807
23.0
0.26
0.4514767932
0.1516984472
0.3
0.4068454061
0.3271987231
0.375862069
2.6712637262357415
48.71720117
0.3272108992
93.0
0.04388505747126437
0.22254360336432044
0.23
0.11
2.5
0.004208170118
1.3
0.51
3.2176913795360105
0.5310105382
1.2
2.665088757
4.24
15.25354252
0.0216
0.52
1.24
2.439184674
0.13
1.23979189
0.07651612799999997
0.038760424564063686
0.9517241379
9.06
0.026
0.06
1.72
0.1127958387516255
0.15
44.52
0.15162726599999998
1.5839564454100676
24.1
1.5258503401360546
0.24630783841399426
4.99
0.9890733676605383
0.73
0.4
2.781104551724138
0.45
2.568949585
3.72
0.48
0.09968652739
1.864
0.54
0.22
0.18595112495285362
0.07242459770114942
2.032385407
1.0
0.34964999999999996
3.72
1.94
0.054
0.4413024352
14.82
0.77
0.012
0.031
0.1826045140914582
0.28
2.24
1.04
0.02920655455
0.9
0.5
6.0
19.65
0.011
1.93
0.1
2.27
1.59
0.3719996131989925
0.1
0.07
75.5
0.42
1.13
1.166115139914811

--------------------------------------------------------------------------------

{"context":{"version":3,"page_title":null,"page_url":null,"entities":[],"literals":[],"content_hierarchy":[]},"links":[[[]],[[]],[[]],[[]],[[]],[[]],[[]],[[]],[[]],[[]],[[]],[[]],[[]],[[]],[[]],[[]],[[]],[[]],[[]],[[]],[[]],[[]],[[]],[[]],[[]],[[]],[[]],[[]],[[]],[[]],[[]],[[]],[[]],[[]],[[]],[[]],[[]],[[]],[[]],[[]],[[]],[[]],[[]],[[]],[[]],[[]],[[]],[[]],[[]],[[]],[[]],[[]],[[]],[[]],[[]],[[]],[[]],[[]],[[]],[[]],[[]],[[]],[[]],[[]],[[]],[[]],[[]],[[]],[[]],[[]],[[]],[[]],[[]],[[]],[[]],[[]],[[]],[[]],[[]],[[]],[[]],[[]],[[]],[[]],[[]],[[]],[[]],[[]],[[]],[[]],[[]],[[]],[[]],[[]],[[]],[[]],[[]],[[]],[[]],[[]]]}