Lat
46.58103333333333
45.39
45.39
96.16316944444445
46.4923
46.7781
45.39
46.56702222222222
46.56702222222222
-9.5
45.39
46.805
46.7781
46.74852
46.58103333333333
47.8
47.8
46.805
46.42379722222222
47.8
46.42379722222222
47.6
47.94613
-7.5
47.8
47.75
46.4923
46.7781
46.74852
47.8
45.39
47.8
46.58103333333333
46.74852
57.98471
46.417972222222225
46.56702222222222
-5.570766666666667
46.4923
46.58103333333333
45.39
47.8
47.6
47.8
46.58103333333333
47.8
-4.666666666666667
47.8
47.8
46.58103333333333
46.7781
46.58103333333333
46.805
47.6
46.7781
46.417972222222225
46.42379722222222
45.37
45.39
46.74852
47.6
-5.570766666666667
46.74852
47.6
46.58103333333333
-5.570766666666667
46.74103888888889
46.74852
47.8
47.6
46.74852
46.42379722222222
47.6
45.39
-5.570766666666667
46.58103333333333
47.6
45.39
46.67296
46.42379722222222
47.6
46.56702222222222
46.4923
46.7781
46.74103888888889
46.74852
-9.5
46.417972222222225
47.75
47.63
46.42379722222222
46.4923
47.63
46.58103333333333
46.42379722222222
47.6
47.8
46.58103333333333
-5.570766666666667
46.74852

--------------------------------------------------------------------------------

{"context":{"version":3,"page_title":null,"page_url":null,"entities":[],"literals":[],"content_hierarchy":[]},"links":[[[]],[[]],[[]],[[]],[[]],[[]],[[]],[[]],[[]],[[]],[[]],[[]],[[]],[[]],[[]],[[]],[[]],[[]],[[]],[[]],[[]],[[]],[[]],[[]],[[]],[[]],[[]],[[]],[[]],[[]],[[]],[[]],[[]],[[]],[[]],[[]],[[]],[[]],[[]],[[]],[[]],[[]],[[]],[[]],[[]],[[]],[[]],[[]],[[]],[[]],[[]],[[]],[[]],[[]],[[]],[[]],[[]],[[]],[[]],[[]],[[]],[[]],[[]],[[]],[[]],[[]],[[]],[[]],[[]],[[]],[[]],[[]],[[]],[[]],[[]],[[]],[[]],[[]],[[]],[[]],[[]],[[]],[[]],[[]],[[]],[[]],[[]],[[]],[[]],[[]],[[]],[[]],[[]],[[]],[[]],[[]],[[]],[[]],[[]],[[]]]}