g0_attr_values
2.6
1.3
0.59
8.249662338
0.23996444905196157
1.2
0.08
1.007241379
0.102
0.27
0.09214675722
1.9
0.4058674863
0.02
1.0
0.13337608605709558
2.62
0.3856908195
2.255073126
0.8934328358
0.71
0.09
1.9
36.8
0.3043124501
1.0
0.07744
0.1002885905
152.3616685
0.5
0.1
11.99
6.664986824
3.92
2.363013699
0.5
0.07655759999999999
0.51
2.0
0.26
2.0
1.3
0.02759931554
1.389714286
0.91
0.057687552
3.85
0.121767666
4.5
10.84
1.53
0.7659259372
2.2
4.662928312
18.4
1.390370985
1.283481865
7.57616843
3.225714286
1.21
0.16
1.86
1.78
0.636996904
0.3314966846
0.22752000000000003
0.6029494141
0.05230088496
0.24
0.10633697651532487
0.63
0.0123943662
0.49
3.0
183.0470367
0.281086536
0.6274853801
0.643592233
2.0
0.1879587379
0.009802926829
0.21060869565217388
0.41
0.57
4.08477842
0.6516438356
4.8
0.15
2.2
0.94
0.36
0.01
0.19926718258132214
0.6295505618
0.55
13.5
0.36
5.9
0.0363
0.13

--------------------------------------------------------------------------------

{"context":{"version":3,"page_title":null,"page_url":null,"entities":[],"literals":[],"content_hierarchy":[]},"links":[[[]],[[]],[[]],[[]],[[]],[[]],[[]],[[]],[[]],[[]],[[]],[[]],[[]],[[]],[[]],[[]],[[]],[[]],[[]],[[]],[[]],[[]],[[]],[[]],[[]],[[]],[[]],[[]],[[]],[[]],[[]],[[]],[[]],[[]],[[]],[[]],[[]],[[]],[[]],[[]],[[]],[[]],[[]],[[]],[[]],[[]],[[]],[[]],[[]],[[]],[[]],[[]],[[]],[[]],[[]],[[]],[[]],[[]],[[]],[[]],[[]],[[]],[[]],[[]],[[]],[[]],[[]],[[]],[[]],[[]],[[]],[[]],[[]],[[]],[[]],[[]],[[]],[[]],[[]],[[]],[[]],[[]],[[]],[[]],[[]],[[]],[[]],[[]],[[]],[[]],[[]],[[]],[[]],[[]],[[]],[[]],[[]],[[]],[[]],[[]]]}