Total Mineral Resource Mt (Tonnes of Million)
26.3
435.0
4300.0
805.302
26.3
1033.8249999999998
1540.0
1540.0
58.1
0.39
496.698
16.713069255
195.0
1.52
805.302
26.3
4712.05
805.302
8.992999999999999
1.329
311.70000000000005
4.823588000000001
435.0
250.60000000000002
16.713069255
0.1515
12.421
250.60000000000002
0.4165
14.949
0.0286
58.1
311.70000000000005
51.709545
159.4
4300.0
4.46
0.0286
340.0
0.11
1195.7288401253918
28.29
9.0
44.3
250.60000000000002
496.698
47.3
0.4165
311.70000000000005
435.0
80.0
80.0
9.0
1.52
14.393999999999998
0.1515
0.11
9.0
805.302
28.29
9.0
59.303
8.992999999999999
422.74
492.479
4.823588000000001
414.0
435.0
56.489999999999995
51.602
466.8
2.53
36.2
36.2
12.4
51.709545
0.4165
51.709545
1058.2
2.53
1033.8249999999998
16.713069255
11.971
59.303
1195.7288401253918
28.29
0.39
26.3
414.0
24.45
6.579
0.0286
49.18
51.602
0.39
1.511
4712.05
11.971
44.3
14.393999999999998

--------------------------------------------------------------------------------

{"context":{"version":3,"page_title":null,"page_url":null,"entities":[],"literals":[],"content_hierarchy":[]},"links":[[[]],[[]],[[]],[[]],[[]],[[]],[[]],[[]],[[]],[[]],[[]],[[]],[[]],[[]],[[]],[[]],[[]],[[]],[[]],[[]],[[]],[[]],[[]],[[]],[[]],[[]],[[]],[[]],[[]],[[]],[[]],[[]],[[]],[[]],[[]],[[]],[[]],[[]],[[]],[[]],[[]],[[]],[[]],[[]],[[]],[[]],[[]],[[]],[[]],[[]],[[]],[[]],[[]],[[]],[[]],[[]],[[]],[[]],[[]],[[]],[[]],[[]],[[]],[[]],[[]],[[]],[[]],[[]],[[]],[[]],[[]],[[]],[[]],[[]],[[]],[[]],[[]],[[]],[[]],[[]],[[]],[[]],[[]],[[]],[[]],[[]],[[]],[[]],[[]],[[]],[[]],[[]],[[]],[[]],[[]],[[]],[[]],[[]],[[]],[[]]]}