latdd
-15.8472222222222
45.4333333333333
32.8869444444444
28.25
45.4333333333333
-18.4638888888889
4.67638888888889
40.3972222222222
23.3
21.6472222222222
44.1
45.4333333333333
-20.9213888888889
47.4758333333333
50.2569444444444
45.4333333333333
-41.7833333333333
62.3672
39.3333333333333
-13.4986111111111
-3.15527777777778
48.3666666666667
46.4675
50.4947222222222
-18.9797222222222
48.6236111111111
48.6236111111111
40.15
45.4333333333333
-17.0833333333333
-2.76667
48.7758333333333
45.4333333333333
45.4333333333333
45.4333333333333
50.225
45.4333333333333
25.7333333333333
45.4333333333333
25.15
48.4061111111111
67.2913888888889
48.6916666666667
61.8127777777778
45.4333333333333
47.3002777777778
46.7333333333333
47.4113888888889
47.4113888888889
45.4333333333333
-1.53888888888889
48.7758333333333
-41.7833333333333
48.4166666666667
47.5252777777778
44.3466666666667
50.1361111111111
45.4333333333333
60.0052777777778
45.4333333333333
47.6
15.3333333333333
50.85
47.4991666666667
-24.05
-14.2327777777778
14.6030555555556
24.8333333333333
45.4333333333333
4.55
34.1983333333333
62.2333333333333
-2.5
43.7333333333333
50.6786111111111
63.5166666666667
45.4333333333333
45.4333333333333
-41.6572222222222
23.3
45.4333333333333
45.4333333333333
25.2833333333333
45.4333333333333
47.59343
29.8963888888889
45.4333333333333
47.4758333333333
-18.1433333333333
24.6166666666667
50.6786111111111
52.5666666666667
26.9166666666667
45.4333333333333
69.5575
24.8833333333333
-17.3758333333333
-41.3833333333333
25.7166666666667
45.4333333333333

--------------------------------------------------------------------------------

{"context":{"version":3,"page_title":null,"page_url":null,"entities":[],"literals":[],"content_hierarchy":[]},"links":[[[]],[[]],[[]],[[]],[[]],[[]],[[]],[[]],[[]],[[]],[[]],[[]],[[]],[[]],[[]],[[]],[[]],[[]],[[]],[[]],[[]],[[]],[[]],[[]],[[]],[[]],[[]],[[]],[[]],[[]],[[]],[[]],[[]],[[]],[[]],[[]],[[]],[[]],[[]],[[]],[[]],[[]],[[]],[[]],[[]],[[]],[[]],[[]],[[]],[[]],[[]],[[]],[[]],[[]],[[]],[[]],[[]],[[]],[[]],[[]],[[]],[[]],[[]],[[]],[[]],[[]],[[]],[[]],[[]],[[]],[[]],[[]],[[]],[[]],[[]],[[]],[[]],[[]],[[]],[[]],[[]],[[]],[[]],[[]],[[]],[[]],[[]],[[]],[[]],[[]],[[]],[[]],[[]],[[]],[[]],[[]],[[]],[[]],[[]],[[]]]}