mos:MineralInventory---mos:date



--------------------
::Nevada_Lithium_Resources_and_Reserves_March_2024_update::
Date

2022
2023-03-01 00:00:00
2022-09-30 00:00:00
2020-08-05 00:00:00
2021-08-20 00:00:00
2024-01-18 00:00:00
2023-03-17 00:00:00
2023-12-21 00:00:00
2022-06-14 00:00:00
2017-06-01 00:00:00
2024-02-22 00:00:00
2024-03-13 00:00:00
2023-11-01 00:00:00
2024-01-23 00:00:00
2023-12-21 00:00:00
2023

--------------------
::World_Tin_Tungsten_Deposit::
year

1985.0
1982.0
1957.0
1985.0
2004.0
1985.0
1997.0
1997.0
2004.0
1997.0
1982.0
1987.0
2003.0
1983.0
1997.0
2003.0
1988.0
2002.0
1971.0
1997.0
1983.0
1965.0
1985.0
1997.0
2003.0
1995.0
1997.0
1940.0
1989.0
1990.0
1974.0
1997.0
2003.0
1997.0
1990.0
2003.0
2003.0
1989.0
1997.0
1997.0
1997.0
1997.0
1994.0
1989.0
1992.0
1999.0
2003.0
1997.0
2003.0
1997.0
2003.0
1985.0
1984.0
1986.0
1995.0
1997.0
2003.0
1997.0
1997.0
1997.0
1997.0
1988.0
2001.0
1997.0
1997.0
1997.0
1973.0
1958.0
1997.0
1982.0
1995.0
1977.0
2001.0
1971.0
1997.0
1973.0
1983.0
2003.0
1997.0
1983.0
2007.0
1997.0
1995.0
2003.0
2003.0
1985.0
1997.0
1993.0
1997.0
1967.0
1997.0
2001.0
1997.0
1999.0
1977.0
1965.0
1996.0
2003.0
1997.0
1985.0