mos:MineralSite---mos:row_index



--------------------
::CMMI::
row_index

10
28
19
31
31
23
14
28
21
34
14
14
4
31
29
7
17
12
16
11
30
33
10
32
6
4
20
10
36
34
19
1
13
21
0
13
30
0
9
22
0
7
25
5
27
9
1
22
8
15
24
18
7
28
9
33
20
35
25
29
15
18
21
31
13
31
14
13
26
17
33
15
15
35
9
13
15
10
3
2
12
10
9
32
34
25
16
36
21
31
22
15
6
6
24
18
2
11
14
8

--------------------
::Mudd-and-Jowitt-2017-Zinc::
row_index

758
503
278
489
739
779
725
337
96
32
181
223
209
35
17
300
312
396
578
24
39
747
98
21
813
373
427
576
569
645
374
691
577
166
404
25
12
32
653
47
247
102
627
697
153
126
22
18
113
659
121
768
39
43
287
16
172
761
435
242
690
26
745
370
678
556
69
76
124
36
372
725
730
641
781
41
752
733
201
698
341
105
128
87
70
100
700
418
321
2
122
742
81
771
798
123
495
23
755
347

--------------------
::Mudd-and-Jowitt-2018-Copper::
row_index

912
1993
979
322
872
32
1844
1047
1763
164
1354
2025
1230
2214
1238
1580
23
652
1815
1895
2220
1693
1837
1334
1258
2293
1642
1279
370
1169
1241
2094
838
739
1400
1613
551
767
1240
1195
1851
616
1802
181
637
1872
1963
978
1674
1844
1727
1271
1843
251
488
1250
1941
1300
1085
1503
663
1045
636
1117
2292
351
1298
1483
1838
784
1597
1610
1814
1334
1146
885
1117
1816
859
1833
1747
640
574
497
1544
953
1816
1791
1408
1844
1485
801
1023
2168
1159
408
1832
1424
80
66

--------------------
::Weng_et_al_2015_REE::
row_index

245
134
132
233
241
118
7
117
229
6
172
166
211
248
128
112
239
241
119
151
111
6
222
231
127
255
19
166
117
172
245
125
122
142
85
123
130
230
142
21
255
85
21
19
231
22
227
123
236
229
135
153
255
19
168
134
20
119
22
128
245
7
85
7
168
19
174
133
130
236
229
242
125
19
237
19
130
151
173
230
20
128
252
21
248
166
157
248
127
239
242
4
117
166
127
21
152
172
236
153