mos:MineralInventory---mos:cutoff_grade



--------------------
::Nevada_Lithium_Resources_and_Reserves_March_2024_update::
Cutoff Grade (ppm)

1047.0
700.0
500.0
300.0
300.0
1000.0
400.0
400.0
500.0
300.0

--------------------
::World_Tin_Tungsten_Deposit::
cutoff_grade

1.0
2.0
1.0
2.0
0.1
0.2
0.2
0.12
0.2
0.2
0.12
74.0
74.0
0.08
0.08
0.08
0.08
0.08
0.08
0.08
0.08
0.3
0.3
0.3
0.3
0.3
0.06
0.06
0.06
0.06
0.06
0.06
0.06
0.06
0.06
0.06
0.616
0.616
0.5
0.5
0.616
0.616
0.5
0.5
0.616
0.616
0.5
0.5
0.616
0.616
0.5
0.5
0.616
0.616
0.5
0.5
0.2
0.2
0.5
0.3
0.2
0.2
0.2
0.2
133.0
133.0