mos:MineralInventory---mos:tonnage



--------------------
::Mudd-and-Jowitt-2022-Nickel::
Mt

29.6
0.76
0.1
86.5
13.8407
68.8
30.419999999999998
200.0
5.4399999999999995
2.6
6.53
207.3
28.4
2.71
30.0
41.21951219512195
207.3
53.6
3.0
98.4
25.081603
13.11
38.6
21.34146341463415
109.6
55.3
1.053
0.738883
1525.0
14.51
1906.63
44.9
7.0009999999999994
8.29
0.559855
613.4
0.36288000000000004
5.643
40.8
1.05
26.8
750.9
101.3
96.5
4.9
91.7
29.825994
313.9
14.2
21.0
13.8
38.6
21.8
81.8
61.099999999999994
5.867
9.61632
19.47397
3.8
1.41
132.9
8.4
2.25
37.6
0.18
330.0
169.01
10.1
1.527
41.21951219512195
52.306
77.42
0.1
200.0
38.7
106.86
1.525439
54.169
4.382
1.1209114
69.9
18.78048780487805
5.6
52.887
0.390235
5.043
8.3
0.07
81.8
30.2
93.3
22.165
5.3
0.76
8.966
22.323
49.6
3019.0
2.8
6.3

--------------------
::World_Tin_Tungsten_Deposit::
tonnage

0.25
0.25
22.5
800.0
5.0
3.38
11.5
3.6
1.27
1.4
22025000.0
150000.0
0.02
180000.0
1.95
0.014
0.7
15.0
225000.0
35.0
9.4
190.0
200000.0
0.1
2380000.0
0.02
1274000.0
11.5
35.0
0.9
0.5
0.1
48.0
0.25
1.4
87.9
35.0
22025000.0
200000.0
1.4
0.1
186.0
100.0
200000.0
1.0
69.49
3.32
1.2
0.014
35.0
0.1
0.25
78000000.0
6.7
11.857
0.25
2.0
0.7
1673722.0
58.4
3722800.0
5000.0
0.1
55.0
97.0
5000.0
0.7
87.9
0.5
2380000.0
0.5
110000.0
0.9
25.1
0.014
6.7
400000.0
0.014
0.1
1500.0
0.1
1.4
2.69
46.0
27000.0
18.8
734000.0
50549.0
0.02
5.0
16.9
58.4
30000.0
22.5
458858.0
3.38
20.2
15.72
0.9
830000.0



--------------------
::Mudd-and-Jowitt-2018-Copper::
Mt Min. ResV

14.68231612
4.8
23.411331
49.3
6.6
130.0
605.279
1.656
48.38
15.3
1295.8
3.056
220.5
24.992
8397.0
35.0
23.411331
257.0
32.179
39.8
94.4
4.55781
0.64
498.0
1253.0
180.1
237.0
35.0
644.1
4.796
685.8432
22.796
8.4
45.8
255.8
11.281
1.98
0.221
280.5207552
8.4
21.61
31.34
34.3
6.302
614.0
5.061
321.70731707317077
10.6
5.41
19.889
2.2
4.863
547.0
16.0
0.486
15.998
4.863
4.042
4.55781
81.0204081632653
1009.9
8.69
1.57
0.45235
547.0
122.12121212121211
1.682
189.0
430.539
11.0
35.0
6.302
3.2
436.59
0.254
3.6
11.638
5.377
21.9
1.343
39.4278192
11.0
56.2
18.327024
234.66
61.122
119.374
4.796
56.2
0.407
11.0
4.550379198
97.5
8.9
34.3
91.447
69.7
0.254
48.6
280.5207552

--------------------
::Nevada_Lithium_Resources_and_Reserves_March_2024_update::
Reserve Tonnage (Mt)

217.3
60.5
1345.612
213.0


--------------------
::CMMI::
Mt Ore

17.87
17.87
17.87
17.87
17.87
23.4
23.4
23.4
23.4
23.4
59.87
59.87
59.87
59.87
59.87
59.87
59.87
59.87
23.4
23.4
23.4
23.4
23.4
23.4
23.4
23.4
23.4
23.4
23.4
23.4
23.4
23.4
23.4
23.4
23.4
23.4
2.59
2.59
2.59
2.59
2.59
2.59
2.59
2.59
2.59
2.59
2.59
2.59
2.59
2.59
2.59
2.59
59.87
59.87
59.87
59.87
59.87
6.98
6.98
6.98
6.98
6.98
6.98
6.98
6.98
6.98
6.98
12.7
12.7
12.7
12.7
12.7
12.7
12.7
12.7
20.1
20.1
20.1
20.1
20.1
20.1
20.1
6.8
6.8
6.8
6.8
6.8
6.8
6.8
6.8
6.8
6.8
6.8
6.8
6.8
6.8
6.8
6.8
6.8
6.8

--------------------
::Mudd-and-Jowitt-2017-Zinc::
Mt ore

0.068
1.15
0.580544
0.02
14.1
0.425
0.0695
4.1
133.0
0.124
1.0
1.59
0.317485
0.083906
2.7
4.458
6.79
9.9
0.090719
0.917
0.068
0.5776
0.923475
4.607
2.9
16.0
10.0
0.05
1.869
8.2
1.5
1.0
9.5
0.317485
5.8
32.2
80.8
0.00263
1.93
2.76
1.5
4.0
8.11
88.0
1.15
0.895512
0.6
1.3
0.923475
6.5
21.4
115.0
0.7
1.58223
14.93
2.444
2.444
0.03
93.07
1.8
0.1745
63.97
130.0
29.938
0.45
26.01
2.494758
14.0
22.43
27.0
12.831
1.354
20.0
0.072431
85.107369
13.155
1.59
85.107369
961.0
0.06
32.2
2.3
2.3
2.976637
36.0
21.8
96.7
34.0
0.1
0.067
0.090719
427.8
427.8
6.142
16.0
1.490365
3.5
1.3
19.93
2.771

--------------------
::Mudd-and-Jowitt-2018-Copper::
Mt Min. ResC

2203.556
0.485
2.95
64.28571429
3073.0
64.2
1160.0
1.0
13.41
6.0
4.34
6.154
0.515
12.92
1.49
1.484422
1786.376364
44.5
3.813
1910.0
201.81
8.763
29.4
11.87
5.0
4.006
1257.4
1.569036874
15.2
965.0
0.658
16.4
10.0
2.855
76.4
5446.143
1333.333333
0.523849
54.57
25.4
1160.0
0.05
3.091
375.0
1786.376364
81.5
202.138
42.0
637.0
29.19
1.075
23.26
2.57
0.215534
76.4
448.0
48.038
11.6
1256.992
175.7
352.6
0.57
0.03
19.390243902438996
1008.0
0.39
21.569999999999997
79.005
0.523849
72.42380391
42.0
23.14
151.22
0.225
1.397
76.4
0.863772
42.57
5.0
17.78
3.79
14.6
51.0
123.432
0.5
32.975
85.01
4.925
258.2
4.377
0.01
79.005
800.0
5.4
302.0
0.02
15.07
6.0
105.0
30.0

--------------------
::Nevada_Lithium_Resources_and_Reserves_March_2024_update::
Resource Tonnage (Mt)

1754.4
207.0
2449.825
1540.4
3407.3
6091.0
2538.0
2826.808
477.0
357.6013893
310.3
711.275
184.002
1150.442
590.9258649999999
1276.79

--------------------
::Weng_et_al_2015_REE::
Total Mineral Resource Mt (Tonnes of Million)

26.3
435.0
4300.0
805.302
26.3
1033.8249999999998
1540.0
1540.0
58.1
0.39
496.698
16.713069255
195.0
1.52
805.302
26.3
4712.05
805.302
8.992999999999999
1.329
311.70000000000005
4.823588000000001
435.0
250.60000000000002
16.713069255
0.1515
12.421
250.60000000000002
0.4165
14.949
0.0286
58.1
311.70000000000005
51.709545
159.4
4300.0
4.46
0.0286
340.0
0.11
1195.7288401253918
28.29
9.0
44.3
250.60000000000002
496.698
47.3
0.4165
311.70000000000005
435.0
80.0
80.0
9.0
1.52
14.393999999999998
0.1515
0.11
9.0
805.302
28.29
9.0
59.303
8.992999999999999
422.74
492.479
4.823588000000001
414.0
435.0
56.489999999999995
51.602
466.8
2.53
36.2
36.2
12.4
51.709545
0.4165
51.709545
1058.2
2.53
1033.8249999999998
16.713069255
11.971
59.303
1195.7288401253918
28.29
0.39
26.3
414.0
24.45
6.579
0.0286
49.18
51.602
0.39
1.511
4712.05
11.971
44.3
14.393999999999998