mos:MineralSite---mos:longitude



--------------------
::CMMI::
DEPOSIT_LONGITUDE_WGS84

-86.9333
-91.109
-85.3349
-91.1226
-92.7405
-91.1248
-75.4046
-83.613
-83.613
-75.4046
-91.1248
-75.4046
-91.109
-91.1248
-91.1248
-90.9093
-83.5649
-75.4046
-90.172
-91.1226
-91.1226
-83.613
-83.5649
-75.4046
-92.6724
-75.4046
-91.1248
-91.109
-75.4046
-91.1482
-91.1248
-94.8278
-85.3349
-75.4046
-92.6724
-91.109
-83.5649
-83.613
-91.1226
-91.1226
-83.5649
-91.1226
-75.4046
-90.172
-94.8278
-91.1248
-83.5649
-85.9325
-86.9333
-83.5649
-92.7405
-90.9093
-91.1248
-91.1226
-85.92
-75.4046
-91.1248
-90.9093
-85.3349
-91.1226
-75.4046
-91.109
-75.4046
-85.9325
-85.3349
-94.3
-94.8569
-90.9093
-83.499
-91.1226
-91.1248
-83.5649
-94.8569
-91.2323
-75.4046
-91.1248
-75.4046
-83.499
-85.3349
-83.5649
-83.5649
-91.1482
-91.1248
-83.5649
-91.1248
-85.3349
-90.9093
-91.109
-91.109
-91.1226
-91.2323
-85.3349
-90.9093
-90.9093
-94.84
-75.4046
-91.109
-83.613
-85.3349
-85.92

--------------------
::Mudd-and-Jowitt-2022-Nickel::
Long

-80.8757
141.93333333333334
-81.13276111111111
-91.8
-92.0
-80.89785833333333
-87.88151
-80.79985
-109.9
-109.9
-91.8
-87.88151
-87.88151
-92.0
-92.0
-80.79985
-81.06775833333333
-92.0
-80.79985
-81.38751111111111
-92.0
-91.8
-80.79985
-91.8
-81.38751111111111
-87.88151
146.75
-93.11959
-80.79985
-109.9
-80.89785833333333
-81.13276111111111
-81.38751111111111
-134.95753
-109.9
145.20393333333334
-91.8
-80.79985
-81.38751111111111
145.20393333333334
-87.88151
-91.8
-80.87806388888889
-81.06775833333333
-91.9
-81.06775833333333
-92.0
-80.79985
-81.3128611111111
-87.88151
-109.9
-109.9
-92.0
-80.8757
-80.8757
147.25
-80.87806388888889
-81.06775833333333
-93.11959
-80.79985
-81.3128611111111
-109.9
-87.88151
-80.79985
-80.8757
-81.06775833333333
-93.11959
145.20393333333334
-80.87806388888889
-109.9
-81.3128611111111
-92.0
-81.13276111111111
-91.8
-87.88151
-81.38751111111111
-109.9
-80.79985
-109.9
-136.43427
-91.9
145.20393333333334
-109.9
-91.8
-81.38751111111111
-87.88151
-80.89785833333333
-93.11959
-91.8
-136.30894
-92.0
-91.8
-91.8
-92.0
-81.3128611111111
-81.38751111111111
-81.38751111111111
145.20393333333334
-87.88151
145.20393333333334

--------------------
::World_Tin_Tungsten_Deposit::
longdd

135.961111111111
134.787222222222
115.75
-66.8166666666667
-66.8166666666667
118.141666666667
-66.8166666666667
116.633333333333
-117.911944444444
-114.533333333333
135.75
-5.22361111111111
135.231666666667
-6.0
28.75
-5.26666666666667
134.249444444444
-66.8166666666667
113.066666666667
-157.083333333333
12.8041666666667
112.816666666667
-66.8166666666667
136.341666666667
-65.5833333333333
-66.8497222222222
-66.8166666666667
-66.8166666666667
-66.0372222222222
-66.4319444444444
110.166666666667
-105.45
-66.8166666666667
-66.8166666666667
-67.1288888888889
-66.4319444444444
-5.275
-66.8166666666667
-66.8166666666667
117.603055555556
-66.8166666666667
107.5
31.35
-65.8913888888889
-4.7375
-5.3
144.666666666667
170.8
-66.8166666666667
145.201111111111
-172.487777777778
-67.7869444444444
-66.8166666666667
12.8
-66.8166666666667
-66.8166666666667
-101.633333333333
12.4269444444444
-117.683333333333
-66.8166666666667
73.3708333333333
73.8847222222222
-105.566666666667
72.9763888888889
-66.8166666666667
-65.8913888888889
130.433333333333
134.725555555556
-66.0372222222222
-5.69583333333333
-66.5494444444444
-66.8166666666667
-66.8166666666667
-66.5494444444444
-66.2238888888889
113.166666666667
-66.1233333333333
131.495
-66.8166666666667
-7.68333333333333
-66.8166666666667
99.6333333333333
131.495
-66.1069444444445
147.366666666667
114.233333333333
-66.8166666666667
-66.2963888888889
-66.8166666666667
-5.77444444444444
13.8622222222222
129.333333333333
178.853611111111
-7.25972222222222
12.9758333333333
-66.8166666666667
30.1333333333333
-67.2119444444444
105.666666666667
110.933333333333

--------------------
::Augmentation_20250115::
Long

-58.3772
-74.0060
2.3522
139.6917
-0.1278
103.8198
151.2093
-99.1332
37.6173
-122.4194
116.4074
-75.6972
12.4964
139.7595
13.4050
77.2090
-3.7038
55.2708
-46.6333
-43.1729
138.6007
151.2093
3.3792
121.4737
36.8219
127.7669
28.0473
18.4241
-118.2437
-6.2603
19.8187
-86.8475
8.6821
23.7275
133.7751
26.3002
18.0686
16.3738
4.3488
135.5023
-21.8174
-79.3470
30.5234
77.5946
44.8271
35.2137
-77.3104
57.5039
74.0649
-88.8555
-75.5587
110.3786
-81.6944
-75.1638
72.8777
2.1734
-99.1332
-43.1729
28.0341
31.2357
100.5231
-1.5241
139.6917
21.6283
85.3240
32.8597
36.8219
-3.1883
-1.5541
-38.5746
32.8597
35.4955
114.1095
139.8395
26.1057
57.5518
17.8881
-84.9406
6.0757
15.9785
4.6921
-63.6131
14.4208
-15.9582
44.3615
-69.9811
-73.5673
12.5683
4.9041
30.3163
44.509
44.503
24.962
4.7688
44.389
54.9733
35.2262
-46.6333
-115.2775
-99.1332
114.1694
139.8395


--------------------
::Augmentation_20250115_2::
Longitude (WGS 84)

-58.3772
-74.0060
2.3522
139.6917
-0.1278
103.8198
151.2093
-99.1332
37.6173
-122.4194
116.4074
-75.6972
12.4964
139.7595
13.4050
77.2090
-3.7038
55.2708

--------------------
::Augmentation_20250115_2::
Longitude (decimal degrees)

-58.3772
-74.0060
2.3522
139.6917
-0.1278
103.8198
151.2093
-99.1332
37.6173
-122.4194
116.4074
-75.6972
12.4964
139.7595
13.4050
77.2090
-3.7038
55.2708