mos:MineralInventory---mos:grade



--------------------
::CMMI::
_attr_values

98
1.87
0.26
2.5
614000
117.0
7
6.5
36.0
10
-1.0
4.0
25
50000.111
50000.111
50000.111
1
50000.111
3
1.0
-1
40.0
-1.0
27
1
6.5
2.84
409000
1.72
288
3
10
50
26
50000.111
14.0
30.0
0.76
92
0
3
24
2.5
54
105
5
0
25.0
214000
124.0
27200
3
165.0
-1
1060
0.26
2.3
2.23
7.3
6.0
2.49
6.5
5.0
1
23700
4.0
28
2
12
8.23
3.7
10
19
719000
0.26
13.5
77900
11
50000.111
47.0
50000.111
0.62
2.57
9.0
4
50000.111
50000.111
8.23
2.23
50000.111
2.48
38200
272
44
6.5
50000.111
6.27
-1
5.13
41.3

--------------------
::Mudd-and-Jowitt-2017-Zinc::
_attr_values

0.49
7.821785714285714
2.6713793103448276
1.41
47.4
8.0
5.94
6.0
0.66
36.0
0.18
111.0
2.2705882352941176
40.0
0.09
6.0
1.2
0.74
1.75
1.31
7.3
4.0
0.02
3.9301585113714688
1.3221077874060132
2.22
3.62
311.9
0.72
0.36
0.2
3.0
6.3
4.1
84.45148514851486
4.81063829787234
20.37826086956522
1.58
4.314677103718198
3.42
1.93
0.75
1.54
0.3448979591836735
14.0
8.9
3.24
39.0
1.5
8.12
1.588
0.6
3.094935779816514
427.2
1.3
0.3
1.45
163.6957424714434
0.26
1.23
0.7
11.0
0.86
2.05
2.07
42.8
6.6
2.1
0.022
16.6
0.13
0.2351
12.0
60.0
0.64
4.4
2.6
2.5
0.09862385321100918
24.0
5.1
4.41
1.5
2.53
2.0
6.5
3.5
26.48
0.64
0.2472692307692308
16.0
0.38
3.63
7.84
0.1
2.5
6.6
36.0
0.08
1.6

--------------------
::Mudd-and-Jowitt-2022-Nickel::
Grade

0.79
1
0.063
0.0289
0.12568529080675425
0.4
1.3819982118909253
0.019
0.16585163845876846
0.14479768786127167
2.791875069509398
2.0654000000000003
0.063
1.6602344354838707
16.30905654174885
0.11240231217618901
16.25
6.7531938697221205
13.81
0.15153261145454544
2.32
0.03432687600173008
0.15804702543942561
33.4
3.4321509090909093
6.687996689441627
15.267321808843795
0.5
0.155625
2.7
0.160563133035253
0.2832852
0.4
0.63
1.314992
1.2570855485741905
0.17770642201834863
3.5
1.5811764705882354
1.5
0.05218693
0.109
0.7204827192665254
0.391
2.291721287553648
0.043
0.06
0.08
0.101
41.27
35.86205533596837
0.12904978586723767
1.29080118694362
0.58
0.24833941148094546
11.662843723313408
0.91
0.1216
2.0909958620689655
0.01
48
0.11240231217618901
0.27
0.1
0.92
0.10777777777777778
0.31
0.05
0.6172270531400966
0.15823529411764706
0.24
2.4182770870337476
0.08
0.039
0.22
0.4700490953221535
0.56
0.13546812749003984
0.08
0.66
0.2457271925958572
0.01
0.14943690360130235
41.5
1.15
15.4
3.784355616815989
0.22
0.3903086120996441
0.06961554149889372
19
0.65
0.302
1.66
0.06900512702078523
0.0390977
33.19
0.04
0.0980817569733889
1.3446340790966558

--------------------
::Weng_et_al_2015_REE::
_attr_values

284.0192697585486
4641.180612494234
62531.948870647495
10.247637701015908
1216.0
19.263256103249883
3.472215286313468
23.65227262110729
4.530831099195711
5.555829143043803
505.2358155540262
136.45116375315578
3432.0
2047.1473204997014
3.400845236184668
90.18601653276522
529.854975139648
26.268076504431658
36.2020171492087
80.72832758433242
25.90816094566947
1.4681291202546032
107.95682109865312
12.334305329097146
1.727210729711298
96.30515485254428
29.66128523672225
2367.6094651609933
14.52355980584377
437.35487014040814
36.410730554683205
445.31263266995336
244.22495933069953
1750.2193516938826
476.22674482758623
173.42571670910135
7257.268536533717
790.5951742627348
100.93667886646448
28.466103047005543
14.74896551724138
247.73888730385164
59.2204208596228
187.42
41.43
8.911947383378973
14.651832917206468
5.796282114660749
40.60303448275862
2572.99888783769
270.1
317.73202941905373
10.4
871.9313589230488
1.1431924410715184
17.076311898223548
1052.4240325922426
8.307905468995086
295.54959785522794
18.53
179.43787520465708
15.333325213154687
38.05908842918845
87.81973203410475
30.624811544260176
16262.077722589718
682.3487521280834
81.00000000000001
2.2605426721399566
196.85844862097673
1516.8410294938722
13.545033257539277
160.93245698554713
2.868334025136263
0.4045142483791527
5474.281332393727
208.00000000000003
8.79378800824245
140.88031855774085
56.50000000000001
1.7587576016484898
18.10942876806607
2.6235490954721317
8.781973203410475
329.0259591681222
183.57
150.96206762494765
34.40596104384757
57.952739206642015
69.55886314519776
60.028325882383605
196.6561283676628
80.26942236724896
30333.23517068727
1543.2239657631956
5.797806757187827
211.85
11.891808074389276
1527.706146926537
8.0

--------------------
::World_Tin_Tungsten_Deposit::
grade

0.04
45.0
3.6
0.76
0.18
5.35
0.23
1.71
0.08
100.0
100.0
7.0
0.21
1.8
300.0
0.08
0.93
1.3
2.24
0.19
0.36
0.4
1114.0
0.005
676.0
0.35
275.0
32.0
0.36
0.2
100.0
0.1
1.72
45.0
0.36
0.1
1.5
0.6
0.06
60.0
5.0
0.26
100.0
30.0
0.17
300.0
0.35
0.102
130.0
30.0
0.89
0.57
0.8
0.09
0.33
0.017
0.11
0.8
0.045
0.19
4.08
0.58
100.0
0.5
100.0
1.71
0.2
0.54
1.73
1.72
1.8
0.1
0.07
0.7
0.01
0.58
0.08
0.18
0.8
0.58
5.4
0.25
2.0
0.3
5.67
100.0
100.0
0.017
1.0
5.4
0.54
0.36
0.24
1.0
0.52
0.07
206.0
1.72
5.0
0.284

--------------------
::Augmentation_20250115::
grade

0.7111
8.7456
7.5397
9.3138
1.668
3.0455
0.395
3.229
8.0324
6.3432
4.5958
2.9492
9.5117
8.6325
7.9408
3.9338
0.8104
8.3667
6.6576
2.9416
5.8906
5.9937
8.0401
5.9561
8.3294
7.1982
2.9986
9.9869
8.2315
7.7945
4.9045
9.4183
4.7971
9.3743
0.722
1.652
7.3519
3.1896
5.0745
8.0145
9.891
2.2703
7.6266
3.8923
6.8882
4.745
5.989
7.9418
5.6516
2.8732
6.5991
8.458
7.2087
1.9818
8.0274
9.0732
8.7197
7.871
7.4591
3.8763
8.8566
4.5061
6.0973
4.8124
6.6214
6.3294
1.0833
5.1642
2.1162
7.311
6.2326
4.746
6.1473
4.8742
9.9845
8.7995
7.2422
0.9566
5.1113
9.3329
5.5158
7.3684
3.5273
4.6107
8.3625
9.5075
5.96


--------------------
::Augmentation_20250115_2::
Grade (%)

0.7111
8.7456
7.5397
9.3138
1.668
3.0455
0.395
3.229
8.0324
6.3432
4.5958
2.9492
9.5117
8.6325
7.9408
3.9338
0.8104



--------------------
::Mudd-and-Jowitt-2018-Copper::
g1_attr_values

0.03875095733041575
1.29
1.03
0.07
2.317597239333663
0.4349122807
23.0
0.26
0.4514767932
0.1516984472
0.3
0.4068454061
0.3271987231
0.375862069
2.6712637262357415
48.71720117
0.3272108992
93.0
0.04388505747126437
0.22254360336432044
0.23
0.11
2.5
0.004208170118
1.3
0.51
3.2176913795360105
0.5310105382
1.2
2.665088757
4.24
15.25354252
0.0216
0.52
1.24
2.439184674
0.13
1.23979189
0.07651612799999997
0.038760424564063686
0.9517241379
9.06
0.026
0.06
1.72
0.1127958387516255
0.15
44.52
0.15162726599999998
1.5839564454100676
24.1
1.5258503401360546
0.24630783841399426
4.99
0.9890733676605383
0.73
0.4
2.781104551724138
0.45
2.568949585
3.72
0.48
0.09968652739
1.864
0.54
0.22
0.18595112495285362
0.07242459770114942
2.032385407
1.0
0.34964999999999996
3.72
1.94
0.054
0.4413024352
14.82
0.77
0.012
0.031
0.1826045140914582
0.28
2.24
1.04
0.02920655455
0.9
0.5
6.0
19.65
0.011
1.93
0.1
2.27
1.59
0.3719996131989925
0.1
0.07
75.5
0.42
1.13
1.166115139914811

--------------------
::Nevada_Lithium_Resources_and_Reserves_March_2024_update::
Reserve Grade (ppm)

3160.9111826967323
1795.86777
92.59728
1129.0


--------------------
::Mudd-and-Jowitt-2018-Copper::
g0_attr_values

2.6
1.3
0.59
8.249662338
0.23996444905196157
1.2
0.08
1.007241379
0.102
0.27
0.09214675722
1.9
0.4058674863
0.02
1.0
0.13337608605709558
2.62
0.3856908195
2.255073126
0.8934328358
0.71
0.09
1.9
36.8
0.3043124501
1.0
0.07744
0.1002885905
152.3616685
0.5
0.1
11.99
6.664986824
3.92
2.363013699
0.5
0.07655759999999999
0.51
2.0
0.26
2.0
1.3
0.02759931554
1.389714286
0.91
0.057687552
3.85
0.121767666
4.5
10.84
1.53
0.7659259372
2.2
4.662928312
18.4
1.390370985
1.283481865
7.57616843
3.225714286
1.21
0.16
1.86
1.78
0.636996904
0.3314966846
0.22752000000000003
0.6029494141
0.05230088496
0.24
0.10633697651532487
0.63
0.0123943662
0.49
3.0
183.0470367
0.281086536
0.6274853801
0.643592233
2.0
0.1879587379
0.009802926829
0.21060869565217388
0.41
0.57
4.08477842
0.6516438356
4.8
0.15
2.2
0.94
0.36
0.01
0.19926718258132214
0.6295505618
0.55
13.5
0.36
5.9
0.0363
0.13

--------------------
::Nevada_Lithium_Resources_and_Reserves_March_2024_update::
Resource Grade (ppm)

2036.25398996808
1129.95169
57.02449
882.685952
1013.0
573.998851
791.0724980299449
678.549143
823.406709
114.52514
2834.0
80.0
670.5961674329626
1130.0
810.2505379418449
924.1868514007786