mos:MineralSite---mos:latitude



--------------------
::CMMI::
DEPOSIT_LATITUDE_WGS84

36.082
36.1779
36.082
36.082
36.082
37.4926
37.4926
36.108
40.5545
36.108
36.108
37.3598
36.9659
38.0576
37.2
36.0173
36.17
40.5545
37.2
37.6059
37.2
37.6059
38.0576
36.17
37.6398
36.7751
37.0056
36.7751
37.4926
36.2616
37.3598
37.4926
36.17
38.0576
36.7751
36.0612
37.6059
37.6059
42.8556
36.0765
38.4837
37.6398
37.6059
37.4926
37.6398
37.2
38.0576
40.5545
36.7751
40.5545
37.4926
37.6398
40.5545
38.0576
36.0765
38.4837
40.5545
40.5545
36.9659
37.6059
37.6059
36.0612
37.6059
37.2
38.4837
37.6398
37.3598
36.082
42.8556
37.6398
37.6398
36.7751
36.7751
36.108
37.6398
40.5545
37.0056
37.6059
37.6398
36.7751
36.1779
36.0765
36.0173
37.4926
37.6059
36.082
37.3598
37.6398
36.082
37.6398
36.97
37.6398
40.5545
36.1779
36.2616
37.6398
38.0576
37.6398
37.6059
36.9659

--------------------
::Mudd-and-Jowitt-2022-Nickel::
Lat

46.58103333333333
45.39
45.39
96.16316944444445
46.4923
46.7781
45.39
46.56702222222222
46.56702222222222
-9.5
45.39
46.805
46.7781
46.74852
46.58103333333333
47.8
47.8
46.805
46.42379722222222
47.8
46.42379722222222
47.6
47.94613
-7.5
47.8
47.75
46.4923
46.7781
46.74852
47.8
45.39
47.8
46.58103333333333
46.74852
57.98471
46.417972222222225
46.56702222222222
-5.570766666666667
46.4923
46.58103333333333
45.39
47.8
47.6
47.8
46.58103333333333
47.8
-4.666666666666667
47.8
47.8
46.58103333333333
46.7781
46.58103333333333
46.805
47.6
46.7781
46.417972222222225
46.42379722222222
45.37
45.39
46.74852
47.6
-5.570766666666667
46.74852
47.6
46.58103333333333
-5.570766666666667
46.74103888888889
46.74852
47.8
47.6
46.74852
46.42379722222222
47.6
45.39
-5.570766666666667
46.58103333333333
47.6
45.39
46.67296
46.42379722222222
47.6
46.56702222222222
46.4923
46.7781
46.74103888888889
46.74852
-9.5
46.417972222222225
47.75
47.63
46.42379722222222
46.4923
47.63
46.58103333333333
46.42379722222222
47.6
47.8
46.58103333333333
-5.570766666666667
46.74852

--------------------
::World_Tin_Tungsten_Deposit::
latdd

-15.8472222222222
45.4333333333333
32.8869444444444
28.25
45.4333333333333
-18.4638888888889
4.67638888888889
40.3972222222222
23.3
21.6472222222222
44.1
45.4333333333333
-20.9213888888889
47.4758333333333
50.2569444444444
45.4333333333333
-41.7833333333333
62.3672
39.3333333333333
-13.4986111111111
-3.15527777777778
48.3666666666667
46.4675
50.4947222222222
-18.9797222222222
48.6236111111111
48.6236111111111
40.15
45.4333333333333
-17.0833333333333
-2.76667
48.7758333333333
45.4333333333333
45.4333333333333
45.4333333333333
50.225
45.4333333333333
25.7333333333333
45.4333333333333
25.15
48.4061111111111
67.2913888888889
48.6916666666667
61.8127777777778
45.4333333333333
47.3002777777778
46.7333333333333
47.4113888888889
47.4113888888889
45.4333333333333
-1.53888888888889
48.7758333333333
-41.7833333333333
48.4166666666667
47.5252777777778
44.3466666666667
50.1361111111111
45.4333333333333
60.0052777777778
45.4333333333333
47.6
15.3333333333333
50.85
47.4991666666667
-24.05
-14.2327777777778
14.6030555555556
24.8333333333333
45.4333333333333
4.55
34.1983333333333
62.2333333333333
-2.5
43.7333333333333
50.6786111111111
63.5166666666667
45.4333333333333
45.4333333333333
-41.6572222222222
23.3
45.4333333333333
45.4333333333333
25.2833333333333
45.4333333333333
47.59343
29.8963888888889
45.4333333333333
47.4758333333333
-18.1433333333333
24.6166666666667
50.6786111111111
52.5666666666667
26.9166666666667
45.4333333333333
69.5575
24.8833333333333
-17.3758333333333
-41.3833333333333
25.7166666666667
45.4333333333333


--------------------
::Augmentation_20250115::
Lat

-34.6037
40.7128
48.8566
35.6895
51.5074
1.3521
-33.8688
19.4326
55.7558
37.7749
39.9042
45.4215
41.9028
35.6828
52.5200
28.6139
40.4168
25.2048
-23.5505
-22.9068
-34.9285
33.8688
6.5244
31.2304
-1.2921
35.9078
-26.2041
-33.9249
34.0522
53.3498
41.3275
21.1619
50.1109
37.9838
-25.2744
35.1919
59.3293
48.2082
50.8503
34.6951
64.1355
43.6511
50.4547
12.9716
41.7151
31.7683
18.4131
-16.5004
-20.1609
31.6258
-9.6223
1.4461
43.7384
24.7136
52.2297
-29.8587
46.2044
25.7617
39.9526
19.0760
41.3851
19.4326
-22.9068
-26.1952
30.0444
13.7367
7.9465
35.6895
51.1694
27.7172
40.4093
-4.0383
55.9533
47.2184
-3.3762
39.9334
33.7393
24.4539
50.9375
23.8103
12.5242
54.6872
40.6401
-13.4443
48.1486
18.0735
4.6761
45.8150
45.5017
55.6761
52.3676
59.9391
40.1811
60.1695
31.9632
-23.6980
51.1657
33.8938
35.9046
19.4326
22.3964
35.6528
60.2939

--------------------
::Augmentation_20250115_2::
Latitude (decimal degrees)

-34.6037
-40.7128
48.8566
35.6895
51.5074
1.3521
-33.8688
19.4326
55.7558
37.7749
-39.9042
45.4215
41.9028

--------------------
::Augmentation_20250115_3::
Latitude (WSG 84)

-34.6037
-40.7128
48.8566
35.6895
51.5074
1.3521
-33.8688
19.4326
55.7558
37.7749
-39.9042
45.4215
41.9028