mos:MineralSite---mos:longitude

--------------------
longdd

66.06
62.3
67.63333333
62.1
66.65555556
61.66666667
5.566666667
9.519444444
5.647222222
5.441666667
-69.58333333
-65.4
-65.21666667
-64.83333333
-67.08333333
-65.5
-64.56666667
-69.48333333
-65.26666667
-65.68333333
-65.33333333
-66.5
-67.23333333
-66.46666667
-66.08333333
-67.46666667
-66.01666667
145.3894444
145.3877778
145.4061111
145.4002778
145.3991667

--------------------
long

66.06
62.3
67.63333333
62.1
66.65555556
61.66666667
5.566666667
9.519444444
5.647222222
5.441666667
-69.58333333
-65.4
-65.21666667
-64.83333333
-67.08333333
-65.5
-64.56666667
-69.48333333
-65.26666667
-65.68333333
-65.33333333
-66.5
-67.23333333
-66.46666667
-66.08333333
-67.46666667
-66.01666667
145.3894444
145.3877778
145.4061111
145.4002778
145.3991667

--------------------
longitude

66.06
62.3
67.63333333
62.1
66.65555556
61.66666667
5.566666667
9.519444444
5.647222222
5.441666667
-69.58333333
-65.4
-65.21666667
-64.83333333
-67.08333333
-65.5
-64.56666667
-69.48333333
-65.26666667
-65.68333333
-65.33333333
-66.5
-67.23333333
-66.46666667
-66.08333333
-67.46666667
-66.01666667
145.3894444
145.3877778
145.4061111
145.4002778
145.3991667