mos:MineralSite---mos:latitude

--------------------
latdd

32.14027778
32.24166667
32.92222222
33.825
32.92222222
33.09583333
22.06666667
24.60833333
22.53333333
20.83055556
-30.36666667
-30.81666667
-31.7
-32.46666667
-27.63333333
-33.16666667

--------------------
lat

32.14027778
32.24166667
32.92222222
33.825
32.92222222
33.09583333
22.06666667
24.60833333
22.53333333
20.83055556
-30.36666667
-30.81666667
-31.7
-32.46666667
-27.63333333
-33.16666667

--------------------
latitude

32.14027778
32.24166667
32.92222222
33.825
32.92222222
33.09583333
22.06666667
24.60833333
22.53333333
20.83055556
-30.36666667
-30.81666667
-31.7
-32.46666667
-27.63333333
-33.16666667